760017445962709
1769542079537
1767692337310
295712564047336
201212260021120
1835038928
1769542071616
1843301922
165125653411710
9874484526
0109746780390
760016425426691
568137493302217
1769547154828
774408358832
3539720320
3595143422
3648107262
6221155135117
217695403357881
00001153722
00000707721
00000130721
00000010235
00000707726
00004641235
00001406724
61269704792
00001100727
201204192358381
00000020725
202511241144155
1769545521458
420060461210
1769502889
5090768346
0520022494070
0581066101
20709288693895
2944754296
1769537085
1769542383323
00000020655
00000206654
314102134023707
00000012652
00000217120
00000220652
6371318918
1646935520314
6382451519
77312620581
4131089990
0890022857
4147522694
120277242681552
760017256103100
760016518299219
0130009284281
1769545641174
15136237570
15136222570
760011767650868
20210419054812
2371689255
1032527361
760017558112642
1769478628
1759139929
1766480028
1769553529
1769540324
1745917225
1769550925
1769553629
1769536920
1736510621
450824601049505
43610616437
1743430420
1747772720
176954752051067
1769544120
1769524920
1769502420
1720218025593
7858271459
15136205373
7801755454
39379500738
15136214376
15136220375
15136210374
1769545858457
1761164019449
1694766207514
7582667546
1668766284
7239254504
2769351677
388954171562867
257777777777777
1568717345
1549074741
1565606741
1458324701
2484335037
8972284423
57177446192
1769545438413
15136202152
15136237150
15136221157
15136237157
760016423273762
1769553077660
86821625846068
314444444444444
552509886651
176954916980878
176953714030316
0068010093
0010580590
3242706108
1639142533098
3326094340
14595085164
740887661697554
1765983954763
760017417579151
73739710459
1769553115019
3487836397
1769545487522
1769552039048
1769551930555
1604320399
1683294298
1619103793
1600878693
1684342695
5864600718
7253015011
7220001916
1466934013
1410813313
1478890611
8600105755
9901025875
1769537321854
182430931697766
217695403235753
1769545243086
00003425136
00000707641
00000020640
00000020642
1730172257869
00000026133
00002730133
00000214131
4372539403
00001612642
4226130644
993615714791105
6410005043
176955327953301
136074723390
695078764147471
203737965377306
108591037778296
7133073333
00000104002
00000221002
00000704000
00000212002
00000000000
00000206006
760013417611316
21769540318788
20220310161704
966536666765
7855663621
15136237361
760016416343034
1697881832730
200100558181410
00000022344
00000514341
176955314681175
00000225340
9152308420
176953877225026
760016443496316
1769551919906
1703150113189
637205020878504
1344484011
463455958048913
123281874398219
6223001240754
68216259556
201608311700058
2640166884
900719925474099
1679923120876
1729736339423
15136225143
15136227142
15136225410
286813086616891
180098229412898
0000999982
169267228450
0008846187
0079430188
1761163880308
176954186511436
0222729701
1678625790179
980869343711522
411464126962
15136233563
15136226564
15136205565
2064939008
2026186100
582333176684559
2045679905
1769553539
1733852538
1769553739
1013231476
1751486938791
1769540439
2016516305
176955142409935
1769551131
1769551130
1769553430
1740045131
1769544132
1769545332
1769548531
1769553036
1769536936
1769551030
1769551035
1769551135
248888888888888
1724852734
1745404336
00000020707
05430560623
00000202700
1700485283693
5080153228
59704412274
1722340926584
1711628925760
20251031093144
197148168644085
6222022100153
82083707609
1692965026417
1769544918891
375986957739310
00000205670
00000220672
760016432692479
00000205674
17674561549
1649260648214
176954740398102
176954182945130
2359004584
5500096901
15136221346
15136176611
15136202345
15136176615
15136236340
15136226616
0134923783418
0684917343
0113546000
0120170006
97142595539
1703150113635
346738562337950
760017496647428
1707150538116
98907384966873
4500035796
1757355468057
1350021974
564729801281066
97668216258
2461851910
760017417597052
1438891967
2484173917
8903273149
9901044041
9839922606
15136237174
760017453631611
15136217172
57757728822
146564611400184
15136236777
20260127944
4993930974
1703150111875
55314143247132
833421847009900
3330298865
0228100031
966112199500
1751484124982
1769551844492
7158181443
97147771000
258781436230
896793055104
1769545215629
2860002135
1882874205
760016473527295
202512241905054
1769537111452
1698332205956
1769547126267
1639134978873
6000255911
1755630616009
760017438677620
760017445002154
00000220666
4316230022
176955135572631
176954492912569
6447696327
6452032121
185541600010515
176519716684610
6513135464
176954503492392
760015664764038
760016315032389
176954806411348
568270907310
00000514061
176955006058108
1880547916
1686718393202
925860881243
176955165048630
97142595526
760016324173350
637792580387059
4600020346
1769553661716
6744710906
1762974909890
1346441000
3801292674358
1331854303
206207565011
00000020717
00001472240
1661971138705
145452091609605
5001635839
760011775338144
1769545521466
1769553498897
185077318931618
21769540338881
1755615917279
17489381590
0539178214
9130140117
241111111111111
15136175760
15136214762
15136237763
15136224767
1768578390759
8650178193
4924002865
185550026463414
23660877011
760016359371553
143129494312516
0290012024
6000000003560
760013385136487
1769545138371
104807233771916
4469335931
20251124060114
1150070893
1769549060274
1018294551
1769545894140
1057239951
1769544112
1769548411
1769553511
1733847510
1769551416
928507585700
1769551114
2113476429
1769548514
1769542281165
1769540319
1767723219
1769548319
1769548418
1769548518
760017543832940
1769547618
1750812611119
1768937018
195191557919832
20211223104300
760013403437516
1769542036207
1769545215588
1639125169753
1704250732685
1769544915561
7506605973
760015301357605
1749225566601
760017438652488
2735629943
01420082005
2453461203
2473015602
16558985396206
665855554138846
1735298947
9818047011
9977700658
81706556904
68216240005
15136176633
15136222633
760015322102294
15136201634
15136214635
1639142436463
3055445976
0132483226
31010602002055
1769470560
760017294810814
1744368002549
9090167229
4700082637
1769544567
508376085447767
1740573246352
2247487322
2249159324
8007768054
2700137987
2798086186
1711642819525
15136201744
1700583625958
9999065591
704469247930811
1712054588
528888888888888
1726253284084
0390144086
1769537120673
3417308255
1754985280
81955091741
1769545138359
760017482774175
15124671836
916312700366
94019197174
1715775894125
127568876497750
561916035179676
1769545523087
2163226904
1769482475
20160307073443
1769544174
1769551171
1769024770
1769531573
1769485872
1737727770
1769551173
1769553772
1769551177
1769548379
1769544078
1769550878
1769553673
1697738687058
1617987136
1769552779
00000710057
1696291213544
760017458042850
1769545215607
1897552164
760010320235076
529962270437656
966554700101
760017272441892
77685060897
263477600607441
21769540303956
1741762117953
3742003268
1769154959
1769502259
1767758659
1769537058
760016441675703
1769549057
3763114867
818700645171599
20554499199
1769519155
760016473613056
1769548655
1769503354
00000513274
00001122271
00000126270
1769550152
00000621272
00000137272
1696291264464
1769539650
00000351473
00000013470
20160226011103
1697738690267
1778379674
0496451508
385714285714285
1646939508390
52504249096
760016416430002
719509184001
00000726610
00000207615
1686218331277
760013933142016
176953877818729
58932872713506
176954812731859
1769111725305
009999999776482
760017241931705
220085394350455
185512074970531
4700674923
20250318103530
1767957406473
1229300527
8055273246
1769536902373
00000153267
637993278504509
00000221260
461100754573217
00007460467
00017621467
622672045994
1756134548554
773439361350821
7885500791
15136206513
15136232513
15136202517
1649260691495
15136201514
1703150114156
1769551998413
677716872146
68425547291
6000000007690
1769542067549
2000055673
439482961222091
323351690562405
7729009001
760013435623119
419791666666666
1744198200
1752690701
1769522400
1769419300
1738166400
1769551205
1769536906
1769553107
1759353808
1769540308
1734367108
1736351806
1769551307
1769551304
1769548505
8492001124
1769551308
1769553509
1744367809
760013379916706
1769548400
1769532600
1769544900
1769540700
1769548501
1765793002
1769538902
1769470702
1723629103
15136225604
0754952295
6900150418
6959005219
5743839077
5737106477
1769553076287
1723634707
1769549006
1769549208
1769541008
985986892858847
491550498580186
3169438589
995945103270
3005130140
760016490698541
553823391322766
1769549387344
1741760487343
760010338956422
1769542016018
1697739730195
3582594495
1699954765490
760016498087589
760016423825206
637801097348316
1769542103949
1554322089316
2529992826
2544007628
6223013970380
20554499306
84456841714556
60684530252
176953651351313
00000220605
00000064607
6200026982
6250765788
4000120784
760017463618890
760011791682717
97179882883599
00000513511
1769552022122
00000206513
00000131042
00000032514
2861815508
203453976011
1769545218933
225809092694432
385555555555555
1769550975
1768312935726
1210682162574
1769550077
185513312881117
1719512387430
34560000000
1769552077507
754883920656320
15136232721
15136214721
1769537271
1769553570
1764861670
1769545487944
8419375268455
4885884863
33170229883731
760013403481044
34383910057371
176954224432638
42011302000349
1751486648010
5967766651
7708755056
760017522331662
0121766328519
1734353059
1769553159
1714729159
1769544056
735714285714285
1769553454
1769551253
1769551353
1769553552
1769522554
1720783356
2189387263
1673344213
8407453453
1768849752
1734369253
1769551152
1769551351
1677237215
1627600711
1677237319
1709283473517
176955313020592
1769545900763
9661138701124
249844770957000
1769539887369
632268775851
1737344911069
941954939278162
200046141572793
699641275101520
176954177251342
397179788484136
760017515603456
1639142386059
2492168847
613355375929837
176955328000998
2556086400
2495905449
20250910143821
924293727075
00000065452
5337521927
26132170115
8024264497
760016356707958
20210419054714
682162536966
0536666765
1559634457880
1769548026091
00000024630
00001273630
00000260632
260204350366229
176955318494211
1764754278322
176953762106020
176953876495551
760016380343167
2079447581
6821624387
15136201657
15136224651
645497844487
34474104625
5463567609
6000000003438
1681459359770
760013388471353
760017411249821
297777777777777
3032334813
0011134708
392857142857142
0102100142
0004341802
0066854802
0011012502
1741761953878
6223001510451
760016476023662
705819728788
18682162354
1696290527013
760016546092814
760013397471952
15136237251
1769542302323
174619988962720
1288694470
67640656182
582682162400
1523055583050
15136202534
27389101617
15136233536
760011767115735
2040000754
1769553568
1769553069
1769553569
1769553868
2125568810
1753262263
2125416011
1731681061
1769548566
1734535667
1769549364
1769536964
1769542404098
1742825964
1769544064
1769544166
1734535666
1761164081643
1769537067
1677237222
1750184878409
1756134337919
15136224623
15136221624
760015258438885
15136177626
525520833333333
776946478526
1769545520273
793891811943872
1769539693
0102002036
1769544915556
1741760544054
1511491485
010102006484
1444399346
1410103943
9800287866
1769537139745
15136204750
15136207754
15136237757
0111213141516
9992872782
9950891384
3334872501
760017522852716
884755268264691
1696291245831
3503921083
00000213627
00000020623
101765476943043
00000167621
4109068869
1769545345888
1769545927791
760013422062973
760016449980839
1769537029
1769549026
67718823771
200000000200000
1769538827
1769549025
6625633165
217695402901731
176954508457957
760013409101123
1757426162253
81647891015
127156571348161
1846303059
760017463601213
1843622355
2872571260
176954746410448
1769545645955
1678625790477
20250423015010
6650019182
1769542049177
1769549176006
1741761748486
1769552076004
4651111802
450824572770713
1325176442
1307779142
1232223206
333379545350193
185549852012829
00000206442
00000756440
00004641441
00000220447
00000362444
0538401659
1761226245
1769537046
20210419054700
20210419054703
20210419054702
9001115218
1769540446
1769547540
1769553425538
9180028858
1769542363500
1769542331532
1750116020818
1769549042
760016519055384
1769550043
170670896917865
201601141310388
509193341797025
20190627111355
00000000150
3715116930
00000000152
00000000153
00001071153
00000000155
00000000156
688487766904598
3692618694
1458638201263
018000918418
20251112052658
1741762023214
903100002016041
3333333333333
9700275273
1739274417
17618984518
154678833363931
00004641330
00000213332
00000022336
+966554700101
1769545220102
1745413881
760017599211152
00000217555
01273664849
715903233920140
15136232674
20250502232221
15136217671
3758064469528
1766490789817
176954197220915
1769542276781
15136225476
3005744035
1769548058196
1769553040655
3000739838
0000097922
0007035327
0000999925
176954192498057
6223001241119
1769542086575
4651170932
27076560029
1390357196
1399479295
1346538794
15136237277
15136220274
2249961567
1281230653
1204475850
2341140221
1678700280233
1146391916
1192181119
1106268318
174987514592634
15136176707
15136215705
1769545870888
0143393030447
14204663107
293518518518518
573013536788
185512288485670
1699954765690
1769544915509
6000000007422
3575406758
1757347114101
15136215015
1769545187859
1711610301129
7412962733
751732068216240
2147483647
2162152244
2126309741
176955318797682
2697004007
760011782097052
1626239075
1701715976760
1513520430
1681231879
1769545187452
1586323536
268888888888888
1709647701357
1769542233527
94777743500
6000000004145
278861806947772
1769544915400
638702653328274
150497080708344
9880000448
15136237730
1707150567185
15136237737
15136224734
176955204886006
3300431221
663020833333333
760017395171661
0124665303557
176954232247856
00000011521
372210210551386
190518877652967
1694758635356
124946889968676
201401220712470
90278281336
5161140181
1822477642
1897433142
1769542096750
9449259568
1722358666561
10453949094
6187086111
6279263151
760015299698625
6224009136056
536979166666666
217695402750512
4590042262
1762445020326
2255381219
1769549373871
15136236246
1242043660
15136237244
1233211065
1174179020
5384194015
5302464811
760016335192819
1701582053519
5380206219
200301899380498
0547398277
760015241728769
20210419054724
0595005873
6821624374
20220302093336
1769552039814
18311577748
360008208773
1761305380000
1032521188
15136216026
1000281889
7733609441
86821624292
760013412561593
1073506482
1032534684
702594200000060
760015295978653
2126434671
1759655648
1768851948
1769511448
1769544044
1707932345
1769540346
1759655647
1769551046
1769553445
1769553642
1738959042
1769540343
1769544142
1769551247
1769553447
876228513716
1600846305
1623296900
1684232307
1602155804
1638216309
176954102242984
1675158571524
2042053493
253099431854154
2023603197
2055604296
18019242831
15136201646
15136177646
6882089596
419859403337390
176954236608387
+962791000913
8480113286
3025183500
0183563059
3077300308
0102700155
3180301642
0000001014
58884869939
202511241144071
00001252313
00000353317
00000026314
253311268641818
1663674250257
1700145496892
4090056668
4179252422
1754984973
1749225242132
6732945868
159170322027594
6607002727
6716017764
760015255596064
1693399681229
00001250571
00000143571
00000035771
1709647703628
5114948750
00000707773
00000220774
176954220263471
5015618499
1639730525608
2960048763
1769544943021
176953768922177
15136223261
15136217261
15136211263
15136236262
15136237262
15136201267
2205898175
112496544733160
176953878446759
1756153888394
1220137341
1272337042
2332019236
433922433602085
00000217404
00000205404
46306575843
85636434743
1769551953535
1703150112335
290982131819
6868216253
8361116604203
1769553770047
9963467238
754414247959177
1700583695016
391111111111111
3502716973
1769553445576
0530009646764
511247334724364
1712570179678
3353424891
15136215074
15136233075
15136230077
15136232070
15136237071
1744640099
1769544099
7412962459
1769548298
1769550899
1769551398
1769553393
1769551192
1769553592
1769540290
1769553597
1769553690
1769553593
7412962252
1769553494
1775725297
1769550191
1769531594
1606723459
1674687759
1678707357
148570723999005
1602486055
1623426853
760011790400408
2126373167
760013417665742
177020773437728
1769545217928
485714285714285
2127233262
+971800637227
760016441694531
639051122395000
534587073517
65468511546112
760016489482449
00000000172
00000000170
00003226171
00000217176
3847983618
3851000615
1765979795876
3963152353
3983051752
6336841346
3978571156
999686821623
760017502100096
760017421454582
1769542309386
869069425558050
461110967833538
2565816741
26705490809
1765810488809
1925384938
26025636640005
1703150111199
524569687262194
00000040543
00000213545
00002107545
6057949432001
176954513170493
20250117000844
1706281653706
2853002356
1737353626747
2952437814
760015307059136
1769553244545
1750115500759
1754575698
282700253374
00000000146
1758642933725
3785049528
6221143078433
156148547407413
760015250714413
312962962962962
00000663433
00000065430
00000121437
00000213434
176954553296698
96224551087
1755615874958
1769553147847
1728036837721
1711610237721
4187371989078
0786293301
00000451324
00000637320
4093342851
76868216245148
60948732970
691242639775596
6660014458
1709647697352
15136226000
15136233000
760017479460404
0551706246156
760010314156576
7412601222
1762974867525
760016538452335
2126341454
2127149655
5864600361
1698682266
176954817389935
1697556367
1698682265
8722985345
1592409726
78509555047
1769542350893
1742433250541
15136210666
15136225666
72563368573
1699954766054
011302000349
15136210466
15136213463
15136221461
3148853269
691560107312250
889129098922183
0007351231
0003481831
568665409957112
0010771934
185076964639395
0000113537
0003816338
1764754304615
176954181733771
1766490790144
1769542254936
760017471319560
638484282555960
1496769485
6666666666665
7056749708
835257666249
1769542119195
15136210712
1758038559582
1769542140422
5567848014746
9892833785
97144402300
4811662919
3422994905
617745813156659
3689102489
3693004887
54168555428
1769545221379
152292984850728
116735506834427
15136225207
15136227207
42596662083638
1742811158098
1766490789993
760017470847292
1769549505386
1000286820
1084153421
599155690623
1769542399831
6223001514053
1699588687405
1611230887974
1611230887975
1611230887972
176954754962521
1611230887970
1611230887971
6000000003602
3653001983416
15136204337
15136237336
15136237332
15136234331
5483605690
1769550112
1712140758380
1769549312793
15136237061
15136237066
1769502516
8220352863507
1751877015316
1733938788
1769540289
5729219484015
1769544089
1769553589
1769553689
1763269588
374356026511119
1769536480
1769553280
1743071280
1743166083
427142857142857
1769544085
1238999155601
1769551284
1769551286
1769550981
1710505682
1767950787
1768488083
1769535085
1769535087
1769539887
1769532787
176953760591255
1676286341
1627468043
1505941000
1589001401
760017470431979
1555006907
1507932708
1447777681787
1736159680
2146993295
8504005407
606339137270081
2126345298
8540157608
1769545438452
760016440909180
15136225441
15136237440
15136237441
15136237113
6993589792
369444444444444
15136221110
15136232446
15136204110
0003506153
760013399217224
176954193612403
3363204188
1769542746837
1750812633684
500587544065805
510185185185185
1769542057808
176954091502110
4300073167
1769553468804
00000551110
00000015111
00003422112
6370301821
+966920025959
1661819456366
01120906777
00000023020
00000206025
760017418487507
582391810302117
760011780035160
176954760986382
1769537152770
00000231371
00000025372
1769542346135
31725757561081
869842024584637
6459474480
1744722002080
477142857142857
33322732705
654877270825
1769545221391
6728006343
1737370065231
760013394583977
00000217756
00006561754
1614821276286
1646935730231
2937362841
1750700368790
217695402724282
9319158552
00000011414
15136202320
15136205324
47401094308
15136220327
176954498360782
1769553620286
176954228213369
3288552292913
1769537129981
1759849768145
00000206302
1639142330358
433569492795371
4124507737
20230121015711
176955172102231
176954190146690
932079996860564
6719017474
2134710883
2111673180
149921787512620
15136223453
15136212451
15136232457
15136236457
98126226840
0068008047
760017481158132
1769542257537
0003366341
1749485484557
00000223721
0002237149
1750116005552
1740000000
78917678490
68154693372
0110006205269
4500164011
1765984254285
1769542377834
354876615746180
2220149247
0180000382526
15136224211
15136202213
2337080603
0102030405060
1138034075
1103478473
82697329349492
1000286832
1769553130
215326587165034
1769541235
1741598607048
7300401262
176955312975062
20251031093906
176954186377447
1750700933361
543352706781549
1900168124
1962158623
1769553191580
0130009284303
1749810627131
1769542191050
4865553130
760016499331366
160302110102626
3533172066
1764842710760
6060269576
6000281876
760013412492135
1684943804429
257989141896961
1755880496065
00000046565
1646935713297
11909984667214
1865040989
00000200765
185513068945935
201710251639094
634248099968554
010502032503
461952348779
010602002055
1697456324214
1707150568785
9300008368
1678700303568
3835291602
00000000160
00004551165
00004551167
00000000166
97147771777
1769549378100
0980015451
4228847996
3990035142
15136201040
15136201042
139976615305306
5899205127
760015241754164
1536568860
2619920459
1519800764
010502000164
461190932977471
1694766563717
1435999022
8668971643
15136237131
15136204130
15136237421
0005359794448
15136176421
15136217133
01878600000000
15136205133
15136202136
15136206427
1727932930412
760016499682172
236666666666666
1699954765845
1757426211839
230886682018059
1739246400000
1694747132883
761377308534
1769545215463
760015207015697
993214294795916
760016455454218
760016387303845
000000000000000
760015294231965
993305318460668
176954621116905
1769545887794
9785154787
521428571428571
176953759238124
414806110458284
3790651584
00000011354
05278328709
00000404353
00000205350
966920025959
935426428896428
1769542322948
33738571890
176954106009346
176953879129781
1703150112759
760010326998290
667636540083507
6000000003713
1769542338141
0542825359319
6744596920
176955347343077
8105020240
20210419054658
336786821622
00000015735
176954098920513
00000144737
450137484248685
1769545521448
5394194091
1769542425750
28215661994977
010102003336
176954095462957
1709283342357
1769537338895
22695764130
15136206557
2568216236638
1719567713796
1163017845
2327391579
8200529167
2024040434
176953757254216
1048095004
7412001288
7412962386
217695403078663
18765594850
1696291139743
107836821622
7880001836
0405316497
1769553193517
15136205313
15136236316
202500489480773
1768937019
129712857075286
1769549424247
0600051218
1749225257488
15136232121
15136202126
15136204435
1639135219388
15136177437
20250826163839
15136232437
011302004105
8705347692
0192018201720
1750115520416
0010760663
0011784461
185086478236729
0540045119216
1759419021369
137994899094775
1262885199
15136237234
15136205542
1288436997
15136204233
011502400222
15136213547
15136212544
2337086369
217695402878922
1098360416
2017264924
1611230887985
1032518019
256281040558
8220237659
763479219102547
872074325202568
504285714285714
8168026648421
1769544915492
0510152025303
185085339903987
613349915066816
1696292916237
41039708089
3643181954
760016382396715
15136237056
760013432225106
97179882232335
5898712631
153792941302148
1769549403925
20260122145004
20260122145003
1639123771625
1430978537
034035491032844
1758032253748
1709289152345
00000205743
00000100746
0570000944113
5000581863
760015216000228
1769545521430
1748357627
387783491008447
9318070843
9248730507
1709649607119
26355188940
00001162107
00000551104
3887325123
1755630888327
1611230887969
1611230887968
0121772906889
96611211600
787040499275067
15136232301
15136237306
6802898909
15136205305
1769542209996
1701073989635
760017480672444
00000102362
00000022364
4096479212
1769445241289
1756148479298
511428571428571
000386199600
6611002514
1769545221381
1769545221383
1769545221382
760015258451374